2
3
5
7
11
13
18
19
23
29
31
37
42
43
47
53
60
63
67
71
75
79
84
89
98
101
103
107
109
113
127
133
137
139
149
151
157
163
167
173
179
181
191
193
197
199
211
223
227
229
233
239
241
254
257
263
269
271
277
281
283
293
307
311
313
327
331
337
347
349
353
359
372
375
379
383
391
397
401
409
419
423
432
433
439
443
449
457
461
463
467
479
487
491
499
503
509
521
523
541
547
557
563
570
575
578
587
593
599
601
607
613
617
619
631
641
643
647
653
659
668
675
677
683
691
701
717
719
727
733
741
743
751
757
761
769
773
787
797
809
816
821
826
827
829
839
853
857
859
865
877
881
883
887
908
911
919
929
937
942
947
953
967
971
977
986
991
997
